sample_inputs/kag_beta_r1.asc
ncols         96
nrows         131
xllcorner     778531.14341826
yllcorner     9239327.8621242
cellsize      5000
NODATA_value  -9999
[rows 30 to 59 of 131, columns 0 to 66 of 96]
-9999 -9999 -9999 -9999 -9999 -9999 -9999 -9999 -9999 -9999 -9999 -9999 -9999 -9999 -9999 -9999 -9999 -9999 -9999 -9999 -9999 -9999 -9999 -9999 -9999 -9999 -9999 -9999 -9999 -9999 0.06767042 0.07287409 0.06985780 0.07314071 0.07652594 0.07085759 0.07091120 0.07429471 0.07199334 0.06999649 0.06399266 0.06729389 0.07397049 0.07621945 0.07844754 0.07372556 0.08408458 0.08911774 -9999 0.03248675 0.04172583 0.05497091 0.05058954 0.03458006 0.04077834 0.03063653 0.03500553 0.05038098 -9999 0.02757185 0.02628425 0.02595471 0.02322446 0.03139752 0.03089498 0.02476237 0.02568008
-9999 -9999 -9999 -9999 -9999 -9999 -9999 -9999 -9999 -9999 -9999 -9999 -9999 -9999 -9999 -9999 -9999 -9999 -9999 -9999 -9999 -9999 -9999 -9999 -9999 -9999 0.06056236 0.06003541 -9999 0.06810873 0.06860658 0.06962909 0.07352593 0.07312194 0.07398208 0.07763640 0.07732131 0.06963134 0.07039783 0.08006561 0.06679463 0.08278695 0.07946885 0.08123743 0.08390683 0.08027686 0.07476060 0.03582410 0.03295161 0.03316307 0.04256712 0.00905438 0.04816931 0.04802613 0.04703235 0.00587959 0.02881221 0.02513249 0.02658563 0.02426233 0.02625930 0.02969251 0.02593681 0.02809253 0.03793594 0.02562731 0.02449612
-9999 -9999 -9999 -9999 -9999 -9999 -9999 -9999 -9999 -9999 -9999 -9999 -9999 -9999 -9999 -9999 -9999 -9999 -9999 -9999 -9999 -9999 -9999 0.05904436 0.06232545 0.06160482 0.06516861 0.06677117 0.06602955 0.06734322 0.06951814 0.06844445 0.06650345 0.07111709 0.07229925 0.08118771 0.06755591 0.07107757 0.07673620 0.07493674 0.07323739 0.08685154 0.07872389 0.08282542 0.08093640 0.03982452 0.03861581 0.03554989 0.03693467 0.03346426 0.03056239 0.04824224 0.05153023 0.04673280 0.05144208 0.05123196 0.03215882 0.02580016 0.02681586 0.02371810 0.02648544 0.03145914 0.02531662 0.02365805 0.02843846 0.02730238 0.03680077
-9999 -9999 -9999 -9999 -9999 -9999 -9999 -9999 -9999 -9999 -9999 -9999 -9999 -9999 -9999 -9999 -9999 -9999 -9999 -9999 -9999 -9999 -9999 0.07048442 0.06957544 0.06543513 0.06556094 0.07075685 0.06455576 0.06865289 0.07225838 0.06861138 0.06805631 0.07434769 0.07297183 0.06996670 0.07254431 0.08016560 0.07977353 0.07831352 0.08190021 0.09091048 0.07857840 0.08796196 0.08158154 0.08088294 0.04122777 0.03519245 0.03576502 0.03394668 0.03671557 0.04086289 0.05430012 0.00905438 0.00905438 0.04410637 0.04745239 0.03293379 0.02731998 0.02415050 0.02454361 0.02614195 0.02673771 0.02780078 0.02753407 0.02368025 0.02429098
-9999 -9999 -9999 -9999 -9999 -9999 -9999 -9999 -9999 -9999 -9999 -9999 -9999 -9999 -9999 -9999 -9999 -9999 -9999 -9999 -9999 -9999 0.06393669 0.06870926 0.06681532 0.06484208 0.06587260 0.06885013 0.06424419 0.07119387 0.07191021 0.06644928 0.07067954 0.07396059 0.07633829 0.07520561 0.07474623 0.08013914 0.08315329 0.07806320 0.07560240 0.07845989 0.08365225 0.08546425 0.08194890 0.08136042 0.03737095 0.03391525 0.03491099 0.03902449 0.04208895 0.05147175 -9999 -9999 -9999 0.04008626 0.03741185 0.04279324 0.04953402 0.02701925 0.02560963 0.02736919 0.02907132 0.02677386 0.02698899 0.02821116 0.03004587
-9999 -9999 -9999 -9999 -9999 -9999 -9999 -9999 -9999 -9999 -9999 -9999 -9999 -9999 -9999 -9999 -9999 -9999 -9999 -9999 -9999 -9999 0.06786245 0.07239700 0.07047270 0.06694210 0.06437707 0.06814980 0.06863608 0.06795491 0.07255385 0.07029546 0.06985996 0.07752030 0.07720604 0.07775843 0.07502883 0.08130100 0.08381373 0.07342091 0.07997828 0.08012832 0.07870654 0.04711924 0.04127223 0.03564061 0.03260005 0.03132357 0.03422475 0.03069492 -9999 -9999 -9999 -9999 -9999 0.03780589 0.04774739 0.03699757 0.03656004 0.03808161 0.04615730 0.02894730 0.02762953 0.02766967 0.02730011 0.02554483 0.02905465
-9999 -9999 -9999 -9999 -9999 -9999 -9999 -9999 -9999 -9999 -9999 -9999 -9999 -9999 -9999 -9999 -9999 -9999 -9999 -9999 -9999 -9999 0.07461808 0.07148819 0.06776444 0.07074040 0.07195698 0.07196596 0.06936483 0.06526856 0.06681263 0.07417953 0.07089031 0.07460945 0.07795069 0.07565100 0.07583341 0.08057644 0.08041592 0.07308006 0.07713475 0.08076744 0.03859565 0.03490522 0.03450304 0.03239672 0.03454258 0.03685856 0.03635263 0.02931615 0.04192345 0.03930701 0.04158871 -9999 0.04267937 0.03742264 0.04114430 0.03900499 0.04178158 0.04048983 0.04078265 0.02913206 0.02997569 0.02892840 0.02721102 0.02797269 0.02762498
-9999 -9999 -9999 -9999 -9999 -9999 -9999 -9999 -9999 -9999 -9999 -9999 -9999 -9999 -9999 -9999 -9999 -9999 -9999 -9999 -9999 0.07624858 -9999 0.07303864 0.07552071 0.07711772 0.07729875 0.07721753 0.07434310 0.06969585 0.07187643 0.07311990 0.07609108 0.07813540 0.08330210 0.08410230 0.08441913 0.08011130 0.07857631 0.07600079 0.07326274 0.07641688 0.07262317 0.03437573 0.03488522 0.03806904 0.03726169 0.03381491 0.03539359 0.03379817 0.03065376 0.03187872 0.04494666 0.04270688 0.04375031 0.04509055 0.04536794 0.04167163 0.04169335 0.04438477 0.04332074 0.04445105 0.04479009 0.04602574 0.04462260 0.04690228 0.04085302
-9999 -9999 -9999 -9999 -9999 -9999 -9999 -9999 -9999 -9999 -9999 -9999 -9999 -9999 -9999 -9999 -9999 -9999 -9999 -9999 -9999 -9999 0.07710778 0.07953140 0.08353553 0.08211056 0.07898442 0.07867591 0.07961075 0.07444222 0.07997755 0.07682934 0.08197077 0.08545116 0.08513089 0.08515220 0.08786157 0.08503283 0.08030013 0.07744331 0.07341783 0.08354392 0.07679608 0.03642962 0.03414680 0.03649916 0.03690678 0.03608432 0.03386035 0.03081400 0.03111894 0.04211104 0.03847375 0.04026548 0.03844316 0.03817340 0.04608009 0.04466561 0.04417502 0.04090439 0.04353754 0.04346195 0.04349478 0.04407189 0.04431439 0.02430331 0.02599044
-9999 -9999 -9999 -9999 -9999 -9999 -9999 -9999 -9999 -9999 -9999 -9999 -9999 -9999 -9999 -9999 -9999 -9999 -9999 -9999 -9999 0.08280676 0.08331686 0.09220449 0.08971292 0.08203342 0.07709466 0.07622944 0.08325143 0.07586172 0.08387952 0.07901419 0.08234508 0.07855080 0.08401617 0.08685085 0.08669024 0.08894065 0.07626038 0.07500669 0.07884115 0.08334467 0.08010379 0.08053254 0.08107303 0.07331441 0.03495159 0.03751351 0.03193853 0.03504488 0.02806648 0.04329210 0.03611034 0.03697391 0.04231950 0.03885506 0.03602947 0.03682533 0.04307847 0.03951373 0.03719648 0.03893556 0.04298285 0.04199651 0.04168912 0.02381294 0.02522800
-9999 -9999 -9999 -9999 -9999 -9999 -9999 -9999 -9999 -9999 -9999 -9999 -9999 -9999 -9999 -9999 -9999 -9999 -9999 -9999 -9999 0.09214195 0.09585876 0.09330753 0.08943280 0.08243278 0.08227410 0.07752366 0.08171283 0.08855878 0.09239218 0.09277401 0.08993006 0.08241427 0.08190653 0.08735916 0.09080457 0.08540198 0.07924205 0.07801006 0.07690485 0.08176752 0.08339381 0.08099514 0.08344797 0.03315553 0.03211594 0.03252480 0.03086613 0.03315588 0.02885750 0.04213931 0.03524150 0.03950130 0.04305206 0.03854474 0.03332611 0.03693036 0.03819784 0.03648420 0.03844426 0.03656532 0.03857415 0.03537757 0.03967326 0.03065343 0.02666508
-9999 -9999 -9999 -9999 -9999 -9999 -9999 -9999 -9999 -9999 -9999 -9999 -9999 -9999 -9999 -9999 -9999 -9999 -9999 -9999 0.08621005 0.09646318 0.09863197 0.09052383 0.08154162 0.07968582 0.08056898 0.08212764 0.08696785 0.09311409 0.08996575 0.09281539 0.07267870 0.07908919 0.08330124 0.08392681 0.08305992 0.07977230 0.07733434 0.07760362 0.08012147 0.07560332 0.08646356 0.07896778 0.07239996 0.07215573 0.03374148 0.03329061 0.03277485 0.03327316 0.02890914 0.03082735 0.03224617 0.03730363 0.04292037 0.03557910 0.03693521 0.03447806 0.03494600 0.03501059 0.03373438 0.03432176 0.03589238 0.03816681 0.03829549 0.03889654 0.03848689
-9999 -9999 -9999 -9999 -9999 -9999 -9999 -9999 -9999 -9999 -9999 -9999 -9999 -9999 -9999 -9999 -9999 -9999 -9999 -9999 -9999 0.09611758 0.09421304 0.08665687 0.08403865 0.07924827 0.08433625 0.09201376 0.09185265 0.10177800 0.09312008 0.07382897 0.02257157 0.02480300 0.08145461 0.08329119 0.08348421 0.07694355 0.07808022 0.08184676 0.08513934 0.07907948 0.08107862 0.07741066 0.07230764 0.06970413 0.03603907 0.03633782 0.03468922 0.03600163 0.03171131 0.03334405 0.03286421 0.03055374 0.03499758 0.03795510 0.03736645 0.03610932 0.03363519 0.03568346 0.03792902 0.04081824 0.03838754 0.03876400 0.04247705 0.03973703 0.04007740
-9999 -9999 -9999 -9999 -9999 -9999 -9999 -9999 -9999 -9999 -9999 -9999 -9999 -9999 -9999 -9999 -9999 -9999 -9999 -9999 -9999 0.54958385 0.09197107 -9999 -9999 0.09080303 0.09357572 0.10241073 0.10004402 0.09467481 0.07914276 0.02231849 0.02649634 0.02743857 0.07911207 0.08503031 0.08474286 0.07851844 0.07290139 0.08726555 0.08148299 0.08144805 0.07676601 0.07529643 0.03434926 0.07079621 0.03622047 0.03427909 0.03656307 0.03569698 0.03526427 0.03593039 0.03563620 0.03440236 0.03923888 0.03695954 0.04072690 0.04244432 0.03869453 0.04103060 0.04480364 0.04365268 0.04134401 0.04096217 0.03934443 0.03361274 0.03551791
-9999 -9999 -9999 -9999 -9999 -9999 -9999 -9999 -9999 -9999 -9999 -9999 -9999 -9999 -9999 -9999 -9999 -9999 -9999 -9999 -9999 -9999 -9999 -9999 -9999 -9999 0.11162805 0.10276169 0.09847012 0.08011039 0.02708602 0.02274504 0.02706461 0.02768554 0.02570831 0.08290264 0.08276597 0.07838558 0.07635697 0.09575592 0.08070663 0.08294903 0.08602905 0.07675310 0.03482811 0.03847363 0.04142562 0.03828726 0.04063194 0.03728982 0.03760263 0.03547398 0.03503021 0.04111495 0.04405359 0.03942644 0.03894440 0.03675750 0.03603668 0.03971531 0.04285818 0.04287389 0.04333127 0.04003088 0.03487093 0.03263694 0.03573810
-9999 -9999 -9999 -9999 -9999 -9999 -9999 -9999 -9999 -9999 -9999 -9999 -9999 -9999 -9999 -9999 -9999 -9999 -9999 -9999 -9999 -9999 -9999 -9999 -9999 -9999 -9999 -9999 -9999 0.02492269 0.02307162 0.02461712 0.02497120 0.02688349 0.02441938 0.08160131 0.08397260 0.08294588 0.07496585 0.08516402 0.09119346 0.08193877 0.07919214 0.07219404 0.03356879 0.03358200 0.03632608 0.03388089 0.03260490 0.03741203 0.03811365 0.03509381 0.03439259 0.03846975 0.04379623 0.04193834 0.04221347 0.04442040 0.04566212 0.04424593 0.04547558 0.04163724 0.04445341 0.04327226 0.03036123 0.03366568 0.03184331
-9999 -9999 -9999 -9999 -9999 -9999 -9999 -9999 -9999 -9999 -9999 -9999 -9999 -9999 -9999 -9999 -9999 -9999 -9999 -9999 -9999 -9999 -9999 -9999 -9999 -9999 -9999 -9999 -9999 0.02407382 0.02388632 0.02523592 0.02621256 0.02721665 0.02650882 0.07764265 0.08411762 0.07744802 0.07396865 0.08255938 0.08869309 0.07568586 0.07911781 0.08528987 0.04348614 0.03924752 0.04179351 0.04029807 0.03573894 0.03637097 0.03781952 0.03672160 0.03539508 0.04108091 0.04646637 0.04507361 0.04191859 0.04000870 0.04086260 0.04139507 0.04240484 0.04035261 0.04126769 0.04103537 0.04107509 0.03137242 0.03139100
-9999 -9999 -9999 -9999 -9999 -9999 -9999 -9999 -9999 -9999 -9999 -9999 -9999 -9999 -9999 -9999 -9999 -9999 -9999 -9999 -9999 -9999 -9999 -9999 -9999 -9999 -9999 -9999 -9999 -9999 0.02348264 0.02480372 0.02887785 0.02468248 0.08183277 0.08576520 0.07853564 0.07878670 0.08056041 0.07877595 0.07373329 0.07471205 0.08538226 0.08176785 0.03742146 0.04084108 0.03840287 0.04052997 0.03887974 0.03600875 0.03721471 0.03968036 0.03463489 0.03447717 0.03733346 0.03859157 0.04090614 0.03901774 0.03779663 0.04035994 0.04070747 0.03756438 0.04124777 0.04416314 0.03706464 0.03462889 0.03661863
-9999 -9999 -9999 -9999 -9999 -9999 -9999 -9999 -9999 -9999 -9999 -9999 -9999 -9999 -9999 -9999 -9999 -9999 -9999 -9999 -9999 -9999 -9999 -9999 -9999 -9999 -9999 -9999 -9999 -9999 0.02232173 0.02449438 0.02713851 0.02550264 0.07804412 0.07768648 0.08346603 0.07992811 0.08626515 0.08696042 0.07310342 0.08343491 0.07834032 0.09198115 0.09107802 0.07877861 0.03989397 0.04194539 0.03910044 0.03976114 0.03806987 0.03574620 0.03579258 0.03711034 0.03741104 0.03533443 0.03517137 0.03372270 0.03501343 0.03533066 0.03916528 0.03898198 0.04309807 0.04739312 0.04505613 0.03772373 0.03293682
-9999 -9999 -9999 -9999 -9999 -9999 -9999 -9999 -9999 -9999 -9999 -9999 -9999 -9999 -9999 -9999 -9999 -9999 -9999 -9999 -9999 -9999 -9999 -9999 -9999 -9999 -9999 -9999 -9999 -9999 0.02687175 0.02651960 0.02441015 0.07450567 0.02333237 0.07983115 0.08124270 0.07696149 0.08635685 0.08297061 0.08243098 0.06955422 0.06776302 0.07160175 0.08135607 0.07693823 0.04216730 0.03931456 0.03782943 0.03936689 0.03932381 0.03508758 0.03583632 0.03664910 0.03785519 0.03739008 0.03875185 0.03884942 0.04661417 0.04350325 0.03756234 0.03741261 0.04246862 0.04563361 0.04541293 0.04237658 0.03961132
-9999 -9999 -9999 -9999 -9999 -9999 -9999 -9999 -9999 -9999 -9999 -9999 -9999 -9999 -9999 -9999 -9999 -9999 -9999 -9999 -9999 -9999 -9999 -9999 -9999 -9999 -9999 -9999 -9999 0.02419413 0.02422856 0.02369129 0.02355827 0.02165762 0.02549786 0.02345511 0.08582202 0.08227469 0.08669047 0.09323771 0.04316051 0.03477945 0.03490762 0.07265329 0.07120081 0.03632564 0.03813523 0.03781484 0.03918707 0.03888082 0.03490766 0.03520995 0.04040582 0.04252891 0.04199823 0.03997463 0.03801823 0.03553065 0.03641519 0.03953538 0.03653870 0.03887910 0.04046068 0.04314251 0.03981344 -9999 -9999
-9999 -9999 -9999 -9999 -9999 -9999 -9999 -9999 -9999 -9999 -9999 -9999 -9999 -9999 -9999 -9999 -9999 -9999 -9999 -9999 -9999 -9999 -9999 -9999 -9999 -9999 -9999 0.02868445 -9999 0.02339475 0.02343304 0.02423872 0.02257663 0.02307885 0.02448284 0.02448336 0.07901558 0.08521597 0.09658571 0.05137336 0.04526710 0.03549128 0.04026266 0.04313483 0.04083345 0.04609438 0.04137187 0.04247502 0.03624944 0.03517467 0.03656491 0.03976061 0.03866564 0.03842295 0.04015617 0.04071701 0.04457833 0.04119545 0.03573107 0.03444146 0.03902862 0.04125354 0.03900654 0.04140058 -9999 -9999 -9999
-9999 -9999 -9999 -9999 -9999 -9999 -9999 -9999 -9999 -9999 -9999 -9999 -9999 -9999 -9999 -9999 -9999 -9999 -9999 -9999 -9999 -9999 -9999 -9999 -9999 -9999 0.03161821 0.02682177 0.02445924 0.02449352 0.02269820 0.02213726 0.02278031 0.02612500 0.02445838 0.02399360 0.07288036 0.09359791 0.04836960 0.04523062 0.05141359 0.04040043 0.03998983 0.04280116 0.04233220 0.03996991 0.03999456 0.03936246 0.03686462 0.03679966 0.03571538 0.04106448 0.03731267 0.03863616 0.04034168 0.03881944 0.03903485 0.03757716 0.04354598 0.04476394 0.03895301 0.04305274 0.04710352 -9999 -9999 -9999 -9999
-9999 -9999 -9999 -9999 -9999 -9999 -9999 -9999 -9999 -9999 -9999 -9999 -9999 -9999 -9999 -9999 -9999 -9999 -9999 -9999 -9999 -9999 -9999 -9999 -9999 0.14918626 0.02958471 0.02550724 0.02535827 0.02320998 0.02293287 0.02316453 0.02412735 0.02623826 0.02731441 0.02585092 0.02571711 0.09380148 0.04783565 0.04870142 0.04890916 0.04125480 0.03996155 0.04203701 0.04142084 0.04033288 0.03951369 0.03795104 0.03241574 0.03799596 0.03622807 0.03799525 0.04126825 0.03939429 0.03745673 0.03936571 0.03898268 0.04156877 0.04048420 0.04272022 0.04025023 0.04081514 0.04462956 -9999 -9999 -9999 -9999
-9999 -9999 -9999 -9999 -9999 -9999 -9999 -9999 -9999 -9999 -9999 -9999 -9999 -9999 -9999 -9999 -9999 -9999 -9999 -9999 -9999 -9999 -9999 -9999 -9999 -9999 0.02605024 0.02728633 0.02599488 0.02413027 0.02563325 0.02280135 0.02612974 0.02873912 0.02502776 0.02595884 0.02727310 0.08207471 0.04765020 0.04760038 0.04234766 0.04090626 0.04514299 0.04602596 0.03992891 0.03427231 0.03494249 0.03573090 0.03992044 0.04641005 0.04165799 0.03515260 0.03689972 0.04316899 0.04097012 0.03886827 0.04400619 0.03581073 0.03809322 0.04320263 0.04284077 0.04263391 0.04593113 -9999 -9999 -9999 -9999
-9999 -9999 -9999 -9999 -9999 -9999 -9999 -9999 -9999 -9999 -9999 -9999 -9999 -9999 -9999 -9999 -9999 -9999 -9999 -9999 -9999 -9999 -9999 -9999 0.02677873 0.02670915 0.02632362 0.02407041 0.02320843 0.02514809 0.02444839 0.02834193 0.02784321 0.02845383 0.02364205 0.02626033 0.02770020 0.02906385 0.04492538 0.05052839 0.04654886 0.03809448 0.03820898 0.03591637 0.03505677 0.04170221 0.04914869 0.04873865 0.04635325 0.04795599 0.04996268 0.04576280 0.03611653 0.03479624 0.03947177 0.04010189 0.03830473 0.03576844 0.03978043 0.04129586 0.04217358 0.03921422 0.04105705 -9999 -9999 -9999 -9999
-9999 -9999 -9999 -9999 -9999 -9999 -9999 -9999 -9999 -9999 -9999 -9999 -9999 -9999 -9999 -9999 -9999 -9999 -9999 -9999 -9999 -9999 -9999 0.02699597 0.02515807 0.02458674 0.02508056 0.02484439 0.02580033 0.02529363 0.02624297 0.02641448 0.03058853 0.02609499 0.02557953 0.02898297 0.02642104 0.02459390 0.04051294 0.05187478 0.05178204 0.04924333 0.04502255 0.04895244 0.05022235 0.05104854 0.04861952 0.05149835 0.04548760 0.04919008 0.05191149 0.05203213 0.03864349 0.03569687 0.03440734 0.03827421 0.03642694 0.04254851 0.04301806 0.03917211 0.04216750 0.03964559 0.03978111 -9999 -9999 -9999 -9999
-9999 -9999 -9999 -9999 -9999 -9999 -9999 -9999 -9999 -9999 -9999 -9999 -9999 -9999 -9999 -9999 -9999 -9999 -9999 -9999 -9999 0.03380932 0.02680741 0.02696767 0.02490336 0.02559224 0.02659694 0.02397007 0.02474711 0.02808515 0.02372716 0.02630140 0.02831302 0.02531378 0.02625851 0.02631160 0.02697452 0.02826751 0.04315897 0.04854048 0.05106077 0.05242896 0.04794997 0.04831491 0.04989553 0.05172248 0.04937404 0.04885276 0.04521203 0.04527584 0.04429196 0.04494539 0.04376179 0.03593389 0.03740090 0.03983825 0.04174869 0.03917787 0.04242009 0.03856517 0.04217814 0.05079356 0.04373365 -9999 -9999 -9999 -9999
-9999 -9999 -9999 -9999 -9999 -9999 -9999 -9999 -9999 -9999 -9999 -9999 -9999 -9999 -9999 -9999 -9999 -9999 -9999 -9999 -9999 0.03021559 0.02815877 0.02975537 0.03129248 0.02783216 0.02808443 0.02503309 0.02495844 0.02699000 0.02293770 0.02474445 0.02618202 0.02502617 0.02878628 0.02721101 0.02437990 0.02906640 0.04717271 0.04900836 0.05160564 0.05576420 0.05131217 0.04936357 0.04785496 0.04907050 0.05217924 0.05037099 0.04485005 0.04378418 0.04334507 0.04562311 0.04700447 0.03530543 0.04129035 0.03816771 0.03718716 0.04535275 0.03864544 0.04765369 0.05013738 0.04486122 0.03948170 -9999 -9999 -9999 -9999
-9999 -9999 -9999 -9999 -9999 -9999 -9999 -9999 -9999 -9999 -9999 -9999 -9999 -9999 -9999 -9999 -9999 -9999 -9999 -9999 0.03026261 0.03144757 0.02668527 0.02777518 0.03015079 0.02625210 0.02787770 0.02704872 0.02457962 0.02223832 0.02321176 0.02638394 0.02472619 0.02585708 0.02839226 0.02789365 0.02528752 0.02483080 0.04874483 0.04555748 0.04858413 0.04947629 0.05113684 0.05351692 0.05418074 0.05058416 0.05169678 0.05187635 0.04740386 0.04182548 0.04671671 0.05085070 0.05098817 0.03976967 0.03636633 0.04035135 0.04208508 0.04564751 0.04299032 0.04455921 0.04822589 0.04263437 0.03635269 0.03774870 -9999 -9999 -9999
