sample_inputs/kag_init_pop.asc
ncols         96
nrows         131
xllcorner     778531.14341826
yllcorner     9239327.8621242
cellsize      5000
NODATA_value  -9999
[rows 37 to 73 of 131, columns 0 to 82 of 96]
-9999 -9999 -9999 -9999 -9999 -9999 -9999 -9999 -9999 -9999 -9999 -9999 -9999 -9999 -9999 -9999 -9999 -9999 -9999 -9999 -9999 6095 -9999 3116 1835 1957 1440 1408 1030 283 355 536 764 474 143 216 495 813 805 2045 17526 2363 1760 3400 1988 2002 3248 1629 1445 4254 24096 2235 37 714 884 3739 4023 5886 4507 4082 2534 2211 2504 2844 3919 3276 2405 1843 2567 16972 22006 2178 2490 2241 400 3230 18309 4772 3450 2496 2610 2780 1851
-9999 -9999 -9999 -9999 -9999 -9999 -9999 -9999 -9999 -9999 -9999 -9999 -9999 -9999 -9999 -9999 -9999 -9999 -9999 -9999 -9999 -9999 2816 1830 2145 3174 1932 982 461 212 213 305 342 321 173 200 589 792 598 1079 2873 1918 932 1336 2187 2062 2033 1509 1586 1762 1319 627 1328 1982 1432 1057 2439 1611 1621 2132 2817 2795 2507 2210 3074 2267 2116 1960 2857 5139 3834 2449 3962 1809 188 961 3942 7005 5311 2464 2845 3587 2730
-9999 -9999 -9999 -9999 -9999 -9999 -9999 -9999 -9999 -9999 -9999 -9999 -9999 -9999 -9999 -9999 -9999 -9999 -9999 -9999 -9999 2615 2395 2577 1854 3127 947 541 805 473 227 248 381 450 273 225 391 531 479 790 2364 911 1298 2061 2016 1470 1964 2227 1523 2065 2230 855 3388 4552 3972 796 5219 3052 3326 4747 2869 1767 2133 1515 1732 1142 1798 2567 2110 2227 2191 1719 3218 3514 3240 1449 3590 2438 4927 2901 2795 3153 3624
-9999 -9999 -9999 -9999 -9999 -9999 -9999 -9999 -9999 -9999 -9999 -9999 -9999 -9999 -9999 -9999 -9999 -9999 -9999 -9999 -9999 1722 2159 2851 1382 1241 719 1425 1267 707 478 220 313 659 461 311 530 651 540 1133 1703 841 2766 9115 3448 1814 1718 2085 1356 1471 3360 175 2623 4739 4185 3027 3509 3430 4456 3328 1862 1761 1791 1856 1862 1577 2499 2070 1387 1835 1625 2600 1934 1785 2964 280 1275 3026 2990 2622 2523 2271 2310
-9999 -9999 -9999 -9999 -9999 -9999 -9999 -9999 -9999 -9999 -9999 -9999 -9999 -9999 -9999 -9999 -9999 -9999 -9999 -9999 2336 974 2126 1678 800 286 574 1001 1065 1063 571 461 902 801 627 542 765 439 863 1045 389 1155 1533 2412 2118 1843 1504 1160 1180 2598 2110 1617 2483 3447 4293 3495 4617 3433 823 2030 3711 2899 975 1155 4720 4685 1820 1434 1140 1805 1788 1476 1789 3204 2022 1208 749 2907 2541 10964 3784 1907 2317
-9999 -9999 -9999 -9999 -9999 -9999 -9999 -9999 -9999 -9999 -9999 -9999 -9999 -9999 -9999 -9999 -9999 -9999 -9999 -9999 -9999 1056 1498 1474 1201 679 876 973 1175 612 734 619 1729 1309 405 1000 906 670 1511 579 228 931 1529 2557 1769 1911 1736 1086 1114 3275 2085 2745 3203 2568 4128 2868 2305 2300 1443 8095 40290 27977 4566 2417 4031 3682 2463 1877 1651 1924 2516 1482 1366 1025 1151 2410 1722 1269 1304 7362 4657 2239 2449
-9999 -9999 -9999 -9999 -9999 -9999 -9999 -9999 -9999 -9999 -9999 -9999 -9999 -9999 -9999 -9999 -9999 -9999 -9999 -9999 -9999 1151 1222 -9999 -9999 1309 845 1813 778 378 548 1226 721 586 502 515 727 1504 1220 367 264 925 1316 1620 1170 2345 3048 1519 1086 3010 2955 2572 3701 3245 1995 2008 1454 1412 792 2234 12021 7004 2625 2135 2307 1877 2558 2370 2132 3232 3082 1369 1774 444 3343 1638 1599 3401 3066 1580 1595 1984 1762
-9999 -9999 -9999 -9999 -9999 -9999 -9999 -9999 -9999 -9999 -9999 -9999 -9999 -9999 -9999 -9999 -9999 -9999 -9999 -9999 -9999 -9999 -9999 -9999 -9999 -9999 697 1155 554 769 1612 1145 379 323 549 528 588 1077 927 474 578 1807 1352 1332 1253 1699 1694 3152 4139 2267 2494 2339 4166 6165 4738 3100 1501 1195 1142 2220 3036 2936 3224 2826 2700 1638 1287 2303 2339 1906 1717 1781 920 532 2371 1688 1445 1937 3027 2679 1678 2776 1678
-9999 -9999 -9999 -9999 -9999 -9999 -9999 -9999 -9999 -9999 -9999 -9999 -9999 -9999 -9999 -9999 -9999 -9999 -9999 -9999 -9999 -9999 -9999 -9999 -9999 -9999 -9999 -9999 -9999 1391 1956 603 395 268 503 563 814 1236 2007 647 586 1350 1176 887 1435 1470 961 1624 2294 3061 4755 3262 3782 25881 30443 5427 2549 2683 3277 2637 2268 2146 2210 2045 1588 1074 1088 1833 2431 3152 1833 1443 1822 2748 3095 1843 2183 2481 2066 3359 2907 2581 2474
-9999 -9999 -9999 -9999 -9999 -9999 -9999 -9999 -9999 -9999 -9999 -9999 -9999 -9999 -9999 -9999 -9999 -9999 -9999 -9999 -9999 -9999 -9999 -9999 -9999 -9999 -9999 -9999 -9999 2326 1338 1269 961 505 592 735 914 2521 4147 706 430 907 760 871 893 748 417 294 665 3592 7209 2898 2631 5431 5866 3409 2961 2842 2615 2940 2495 3394 3430 2433 2334 1025 869 1545 3173 3048 1456 1480 3447 2400 1620 3232 3401 3754 3699 3000 1892 1994 1145
-9999 -9999 -9999 -9999 -9999 -9999 -9999 -9999 -9999 -9999 -9999 -9999 -9999 -9999 -9999 -9999 -9999 -9999 -9999 -9999 -9999 -9999 -9999 -9999 -9999 -9999 -9999 -9999 -9999 -9999 2585 1575 1035 793 1117 1574 1999 1104 461 368 367 745 487 616 773 498 339 240 442 1538 2378 1819 1965 3389 2597 3060 7112 3155 1865 2697 12042 5495 3000 2923 2816 2913 1741 1951 2499 2706 2910 3049 2806 1808 1446 2563 2526 2340 3459 2310 2164 1844 1050
-9999 -9999 -9999 -9999 -9999 -9999 -9999 -9999 -9999 -9999 -9999 -9999 -9999 -9999 -9999 -9999 -9999 -9999 -9999 -9999 -9999 -9999 -9999 -9999 -9999 -9999 -9999 -9999 -9999 -9999 2536 1301 1069 885 2129 1642 1046 895 334 301 842 677 345 274 432 491 397 223 369 597 1272 1902 1890 2638 4012 1985 6922 2436 1129 2343 8467 5400 3050 2510 2264 2720 2744 2633 1319 1260 1706 2214 1839 1757 1113 1517 2876 2099 2239 2276 1582 1355 1258
-9999 -9999 -9999 -9999 -9999 -9999 -9999 -9999 -9999 -9999 -9999 -9999 -9999 -9999 -9999 -9999 -9999 -9999 -9999 -9999 -9999 -9999 -9999 -9999 -9999 -9999 -9999 -9999 -9999 -9999 2542 1339 1721 1619 2187 950 692 737 333 280 777 1499 664 678 1329 2330 789 371 443 558 1004 3369 2254 2458 1860 1348 845 679 616 575 1339 2910 6351 3312 2998 2132 2614 1640 1172 2512 3768 2331 1651 1943 1908 1440 1506 1267 1377 1548 1884 2147 2195
-9999 -9999 -9999 -9999 -9999 -9999 -9999 -9999 -9999 -9999 -9999 -9999 -9999 -9999 -9999 -9999 -9999 -9999 -9999 -9999 -9999 -9999 -9999 -9999 -9999 -9999 -9999 -9999 -9999 905 1346 2663 2507 2908 922 448 515 729 323 204 320 958 1278 1346 2445 1536 650 604 698 2505 2273 1951 2761 4683 1897 1783 1851 1168 967 393 1079 2004 3102 2560 3713 -9999 -9999 2612 1972 2757 2341 2030 2954 2384 2587 3068 1479 1019 1263 1473 2594 2234 2080
-9999 -9999 -9999 -9999 -9999 -9999 -9999 -9999 -9999 -9999 -9999 -9999 -9999 -9999 -9999 -9999 -9999 -9999 -9999 -9999 -9999 -9999 -9999 -9999 -9999 -9999 -9999 940 -9999 2012 2142 2210 4894 1240 586 387 580 665 276 175 284 708 1408 2110 1885 916 596 585 2194 2555 1742 1772 2559 5879 2287 2139 1819 1588 937 863 2736 1946 1691 2284 -9999 -9999 -9999 -9999 1973 2605 1270 1588 -9999 3140 -9999 5148 1448 1600 1398 1846 1386 1166 818
-9999 -9999 -9999 -9999 -9999 -9999 -9999 -9999 -9999 -9999 -9999 -9999 -9999 -9999 -9999 -9999 -9999 -9999 -9999 -9999 -9999 -9999 -9999 -9999 -9999 -9999 647 1362 1968 942 1421 3248 1603 739 407 358 555 476 358 301 286 676 1106 2280 16726 7444 1473 761 2463 1899 1846 1838 2168 2845 2372 2675 1775 1920 1397 1487 2074 1714 1048 -9999 -9999 -9999 -9999 -9999 2045 2084 903 1424 -9999 -9999 -9999 -9999 1260 1555 1861 2311 1292 876 668
-9999 -9999 -9999 -9999 -9999 -9999 -9999 -9999 -9999 -9999 -9999 -9999 -9999 -9999 -9999 -9999 -9999 -9999 -9999 -9999 -9999 -9999 -9999 -9999 -9999 463 719 2461 1150 959 2592 852 715 498 342 399 345 350 279 242 293 595 1138 1969 4646 4851 2366 2034 1444 847 1851 2305 2062 2354 1838 1683 1105 1270 2043 2506 1984 2573 2053 -9999 -9999 -9999 -9999 1398 1928 1694 -9999 -9999 -9999 -9999 -9999 -9999 1732 1546 1443 1529 2133 1209 -9999
-9999 -9999 -9999 -9999 -9999 -9999 -9999 -9999 -9999 -9999 -9999 -9999 -9999 -9999 -9999 -9999 -9999 -9999 -9999 -9999 -9999 -9999 -9999 -9999 -9999 -9999 1541 1875 888 1920 1578 600 349 59 60 130 150 252 282 252 315 537 1230 2207 1660 1442 1634 1825 742 619 1173 3023 2920 3594 2884 1723 1431 1717 1767 1902 1812 1509 1551 -9999 -9999 -9999 -9999 -9999 -9999 1435 -9999 -9999 -9999 -9999 -9999 -9999 -9999 -9999 -9999 1122 1705 1569 -9999
-9999 -9999 -9999 -9999 -9999 -9999 -9999 -9999 -9999 -9999 -9999 -9999 -9999 -9999 -9999 -9999 -9999 -9999 -9999 -9999 -9999 -9999 -9999 -9999 1352 2918 3063 839 744 1652 486 255 60 34 39 45 49 125 349 264 273 463 911 2259 1353 848 528 385 359 453 814 2241 8014 15243 1316 1509 1173 1011 724 1475 2245 1646 1083 -9999 -9999 -9999 -9999 -9999 -9999 -9999 1361 -9999 -9999 -9999 -9999 -9999 -9999 -9999 -9999 -9999 -9999 -9999 -9999
-9999 -9999 -9999 -9999 -9999 -9999 -9999 -9999 -9999 -9999 -9999 -9999 -9999 -9999 -9999 -9999 -9999 -9999 -9999 -9999 -9999 -9999 -9999 2167 2878 2128 1996 645 1931 1294 313 89 46 40 37 55 68 205 430 272 212 242 494 646 518 249 301 247 215 283 553 685 1058 2614 1335 1614 2227 932 652 1237 2253 1469 1012 -9999 -9999 -9999 -9999 -9999 -9999 -9999 -9999 -9999 -9999 -9999 -9999 -9999 -9999 -9999 -9999 -9999 -9999 -9999 -9999
-9999 -9999 -9999 -9999 -9999 -9999 -9999 -9999 -9999 -9999 -9999 -9999 -9999 -9999 -9999 -9999 -9999 -9999 -9999 -9999 -9999 2621 2969 1779 1938 3069 5749 4402 1941 405 215 148 78 59 45 42 59 79 436 233 170 175 307 287 225 184 181 178 274 288 268 237 297 492 771 1142 1420 1093 1117 1851 2455 999 794 -9999 -9999 -9999 -9999 -9999 -9999 -9999 -9999 -9999 -9999 -9999 -9999 -9999 -9999 -9999 -9999 -9999 -9999 -9999 -9999
-9999 -9999 -9999 -9999 -9999 -9999 -9999 -9999 -9999 -9999 -9999 -9999 -9999 -9999 -9999 -9999 -9999 -9999 -9999 -9999 -9999 3116 4026 2727 2560 2823 7451 10028 1367 342 262 254 209 86 56 34 37 44 205 154 113 134 153 146 146 117 136 221 282 250 151 110 125 238 487 1752 898 1767 2740 2070 1540 768 1122 -9999 -9999 -9999 -9999 -9999 -9999 -9999 -9999 -9999 -9999 -9999 -9999 -9999 -9999 -9999 -9999 -9999 -9999 -9999 -9999
-9999 -9999 -9999 -9999 -9999 -9999 -9999 -9999 -9999 -9999 -9999 -9999 -9999 -9999 -9999 -9999 -9999 -9999 -9999 -9999 1662 2612 2596 2625 2593 5014 4211 1579 1042 701 403 439 243 72 52 36 26 27 117 100 97 105 116 75 79 89 128 202 304 228 126 92 77 133 373 2635 1527 1738 5086 14791 1518 910 817 1044 -9999 -9999 -9999 -9999 -9999 -9999 -9999 -9999 -9999 -9999 -9999 -9999 -9999 -9999 -9999 -9999 -9999 -9999 -9999
-9999 -9999 -9999 -9999 -9999 -9999 -9999 -9999 -9999 -9999 -9999 -9999 -9999 -9999 -9999 -9999 -9999 -9999 -9999 -9999 1603 2649 1964 1967 2263 2487 2061 1117 674 398 189 115 67 57 54 41 25 24 69 105 103 112 95 68 62 73 98 157 141 106 104 80 59 104 152 1355 1465 1656 2645 3591 2549 1346 771 772 -9999 -9999 -9999 -9999 -9999 -9999 -9999 -9999 -9999 -9999 -9999 -9999 -9999 -9999 -9999 -9999 -9999 -9999 -9999
-9999 -9999 -9999 -9999 -9999 -9999 -9999 -9999 -9999 -9999 -9999 -9999 -9999 -9999 -9999 -9999 -9999 -9999 -9999 -9999 2450 2828 1004 1084 819 1052 1114 1184 1028 217 88 59 131 94 60 38 25 18 18 59 90 100 83 70 46 47 68 67 51 64 62 44 45 68 94 631 1712 2438 1837 1752 1535 1906 1350 892 -9999 -9999 -9999 -9999 -9999 -9999 -9999 -9999 -9999 -9999 -9999 -9999 -9999 -9999 -9999 -9999 -9999 -9999 -9999
-9999 -9999 -9999 -9999 -9999 -9999 -9999 -9999 -9999 -9999 -9999 -9999 -9999 -9999 -9999 -9999 -9999 -9999 1243 1256 2214 2861 3007 1809 389 454 505 187 95 62 47 56 77 110 70 39 25 18 16 21 68 81 54 50 44 44 58 43 28 32 33 38 47 71 157 320 713 1361 -9999 1973 -9999 -9999 515 -9999 -9999 -9999 -9999 -9999 -9999 -9999 -9999 -9999 -9999 -9999 -9999 -9999 -9999 -9999 -9999 -9999 -9999 -9999 -9999
-9999 -9999 -9999 -9999 -9999 -9999 -9999 -9999 -9999 -9999 -9999 -9999 -9999 -9999 -9999 -9999 -9999 -9999 1269 962 2052 1440 2289 3033 1541 929 217 175 85 49 31 41 49 52 44 36 19 15 14 16 34 63 50 39 34 36 49 29 23 25 32 36 61 112 -9999 -9999 -9999 -9999 -9999 -9999 -9999 -9999 -9999 -9999 -9999 -9999 -9999 -9999 -9999 -9999 -9999 -9999 -9999 -9999 -9999 -9999 -9999 -9999 -9999 -9999 -9999 -9999 -9999
-9999 -9999 -9999 -9999 -9999 -9999 -9999 -9999 -9999 -9999 -9999 -9999 -9999 -9999 -9999 -9999 -9999 1393 2288 922 1009 1588 1568 1898 2484 732 135 76 60 37 25 28 33 35 31 23 15 12 26 13 14 58 36 41 31 31 29 21 21 22 30 34 99 -9999 -9999 -9999 -9999 -9999 -9999 -9999 -9999 -9999 -9999 -9999 -9999 -9999 -9999 -9999 -9999 -9999 -9999 -9999 -9999 -9999 -9999 -9999 -9999 -9999 -9999 -9999 -9999 -9999 -9999
-9999 -9999 -9999 -9999 -9999 -9999 -9999 -9999 -9999 -9999 -9999 -9999 -9999 -9999 -9999 -9999 552 845 1413 1065 998 1355 2108 1580 3052 689 105 49 39 25 21 20 20 19 18 20 15 13 12 13 13 39 28 27 31 29 19 18 18 21 30 34 -9999 -9999 -9999 -9999 -9999 -9999 -9999 -9999 -9999 -9999 -9999 -9999 -9999 -9999 -9999 -9999 -9999 -9999 -9999 -9999 -9999 -9999 -9999 -9999 -9999 -9999 -9999 -9999 -9999 -9999 -9999
-9999 -9999 -9999 -9999 -9999 -9999 -9999 -9999 -9999 -9999 -9999 -9999 -9999 -9999 -9999 -9999 1050 1024 1342 777 466 793 1497 1645 3278 168 84 45 26 24 20 20 18 17 16 14 13 13 15 16 15 25 25 27 31 22 16 17 16 22 -9999 -9999 -9999 -9999 -9999 -9999 -9999 -9999 -9999 -9999 -9999 -9999 -9999 -9999 -9999 -9999 -9999 -9999 -9999 -9999 -9999 -9999 -9999 -9999 -9999 -9999 -9999 -9999 -9999 -9999 -9999 -9999 -9999
-9999 -9999 -9999 -9999 -9999 -9999 -9999 -9999 -9999 -9999 -9999 -9999 -9999 -9999 -9999 -9999 902 902 639 340 244 588 1366 1587 289 146 68 47 33 31 29 22 17 17 15 11 12 13 12 11 14 17 30 28 22 16 15 17 21 -9999 -9999 -9999 -9999 -9999 -9999 -9999 -9999 -9999 -9999 -9999 -9999 -9999 -9999 -9999 -9999 -9999 -9999 -9999 -9999 -9999 -9999 -9999 -9999 -9999 -9999 -9999 -9999 -9999 -9999 -9999 -9999 -9999 -9999
-9999 -9999 -9999 -9999 -9999 -9999 -9999 -9999 -9999 -9999 -9999 -9999 -9999 -9999 -9999 872 617 603 412 268 275 342 542 607 178 94 50 40 38 43 41 31 19 16 12 10 13 10 12 11 10 23 30 26 16 15 18 18 -9999 -9999 -9999 -9999 -9999 -9999 -9999 -9999 -9999 -9999 -9999 -9999 -9999 -9999 -9999 -9999 -9999 -9999 -9999 -9999 -9999 -9999 -9999 -9999 -9999 -9999 -9999 -9999 -9999 -9999 -9999 -9999 -9999 -9999 -9999
-9999 -9999 -9999 -9999 -9999 -9999 -9999 -9999 -9999 -9999 -9999 -9999 -9999 -9999 -9999 723 468 283 277 191 323 379 729 344 260 271 66 46 44 100 192 38 23 13 12 9 12 10 12 11 16 28 25 17 15 14 18 19 -9999 -9999 -9999 -9999 -9999 -9999 -9999 -9999 -9999 -9999 -9999 -9999 -9999 -9999 -9999 -9999 -9999 -9999 -9999 -9999 -9999 -9999 -9999 -9999 -9999 -9999 -9999 -9999 -9999 -9999 -9999 -9999 -9999 -9999 -9999
-9999 -9999 -9999 -9999 -9999 -9999 -9999 -9999 -9999 -9999 -9999 -9999 -9999 -9999 971 331 303 214 236 245 255 408 777 292 146 129 92 68 47 94 130 41 21 12 12 10 9 12 12 12 17 26 17 16 14 15 17 -9999 -9999 -9999 -9999 -9999 -9999 -9999 -9999 -9999 -9999 -9999 -9999 -9999 -9999 -9999 -9999 -9999 -9999 -9999 -9999 -9999 -9999 -9999 -9999 -9999 -9999 -9999 -9999 -9999 -9999 -9999 -9999 -9999 -9999 -9999 -9999
-9999 -9999 -9999 -9999 -9999 -9999 -9999 -9999 -9999 -9999 -9999 -9999 1154 2024 1053 429 709 413 1220 6341 1653 1627 792 329 138 107 189 115 39 41 39 30 17 11 12 13 9 11 11 13 22 27 16 15 12 13 14 17 -9999 -9999 -9999 -9999 -9999 -9999 -9999 -9999 -9999 -9999 -9999 -9999 -9999 -9999 -9999 -9999 -9999 -9999 -9999 -9999 -9999 -9999 -9999 -9999 -9999 -9999 -9999 -9999 -9999 -9999 -9999 -9999 -9999 -9999 -9999
-9999 -9999 -9999 -9999 -9999 -9999 -9999 -9999 -9999 -9999 -9999 -9999 2143 2607 2282 1145 454 215 667 16634 1527 1352 391 184 107 95 175 81 37 27 23 18 12 10 9 9 9 10 11 10 11 22 17 15 12 13 15 17 -9999 -9999 -9999 -9999 -9999 -9999 -9999 -9999 -9999 -9999 -9999 -9999 -9999 -9999 -9999 -9999 -9999 -9999 -9999 -9999 -9999 -9999 -9999 -9999 -9999 -9999 -9999 -9999 -9999 -9999 -9999 -9999 -9999 -9999 -9999
-9999 -9999 -9999 -9999 -9999 -9999 -9999 -9999 -9999 -9999 -9999 1985 2844 2724 2774 3220 1197 494 531 3571 12947 2283 766 478 196 94 79 60 25 17 15 13 12 10 9 9 9 13 12 10 10 19 16 -9999 -9999 -9999 -9999 -9999 -9999 -9999 -9999 -9999 -9999 -9999 -9999 -9999 -9999 -9999 -9999 -9999 -9999 -9999 -9999 -9999 -9999 -9999 -9999 -9999 -9999 -9999 -9999 -9999 -9999 -9999 -9999 -9999 -9999 -9999 -9999 -9999 -9999 -9999 -9999
