sample_inputs/kag_beta_r1.asc
ncols         96
nrows         131
xllcorner     778531.14341826
yllcorner     9239327.8621242
cellsize      5000
NODATA_value  -9999
[rows 60 to 89 of 131, columns 0 to 66 of 96]
-9999 -9999 -9999 -9999 -9999 -9999 -9999 -9999 -9999 -9999 -9999 -9999 -9999 -9999 -9999 -9999 -9999 -9999 -9999 -9999 0.03017885 0.03146396 0.02908661 0.02876509 0.02839519 0.02810116 0.02538207 0.02760825 0.02526689 0.02488783 0.02567507 0.02469745 0.02544412 0.02852606 0.02322439 0.02553909 0.02425045 0.02345703 0.04791114 0.04832542 0.05213010 0.05042795 0.04824856 0.05236215 0.05144154 0.05185980 0.05018542 0.04908663 0.05017453 0.04980164 0.04438035 0.04997661 0.04981687 0.04774940 0.03615169 0.03846622 0.04427189 0.04741286 0.04454577 0.04492753 0.04237354 0.03939753 0.03633375 0.03616974 -9999 -9999 -9999
-9999 -9999 -9999 -9999 -9999 -9999 -9999 -9999 -9999 -9999 -9999 -9999 -9999 -9999 -9999 -9999 -9999 -9999 -9999 -9999 0.03007091 0.02664684 0.02903697 0.02843289 0.02893528 0.02649593 0.02542159 0.02294991 0.02324143 0.02530154 0.02541978 0.02735190 0.02211542 0.02441455 0.02595299 0.02935493 0.03129477 0.02999952 0.02500789 0.04065638 0.04978521 0.05140552 0.05447494 0.04865915 0.05238126 0.05237501 0.05213669 0.05018554 0.05148426 0.04990583 0.05168301 0.05216054 0.04854177 0.04696382 0.04247053 0.04143967 0.04777229 0.04561506 0.04447859 0.04189104 0.04056969 0.04001553 0.03763539 0.03604107 -9999 -9999 -9999
-9999 -9999 -9999 -9999 -9999 -9999 -9999 -9999 -9999 -9999 -9999 -9999 -9999 -9999 -9999 -9999 -9999 -9999 0.03392452 0.03108282 0.03119154 0.03118614 0.02643580 0.02703370 0.02885329 0.02709590 0.02460671 0.02911848 0.03156793 0.02745951 0.02606481 0.02495583 0.02963883 0.03451980 0.03253048 0.03321776 0.03168786 0.03401538 0.02469551 0.02573798 0.05916143 0.05679908 0.05512858 0.05262797 0.05585831 0.05026688 0.05177822 0.04795550 0.05510434 0.05285236 0.05251226 0.05173728 0.05027712 0.04825392 0.04975608 0.03983689 0.04198205 0.04520643 -9999 0.03945236 -9999 -9999 0.03983741 -9999 -9999 -9999 -9999
-9999 -9999 -9999 -9999 -9999 -9999 -9999 -9999 -9999 -9999 -9999 -9999 -9999 -9999 -9999 -9999 -9999 -9999 0.03564975 0.02997176 0.03099132 0.03137416 0.02860978 0.02840132 0.02768051 0.02482538 0.02419874 0.03476906 0.02989613 0.03161471 0.03317240 0.03449646 0.03178573 0.03189572 0.03238012 0.03637585 0.03365416 0.03178605 0.02826243 0.02682720 0.02980188 0.05172670 0.05525058 0.04841054 0.04820762 0.05099135 0.05023931 0.04931023 0.05619363 0.05313106 0.05154669 0.05204993 0.05015741 0.05635079 -9999 -9999 -9999 -9999 -9999 -9999 -9999 -9999 -9999 -9999 -9999 -9999 -9999
-9999 -9999 -9999 -9999 -9999 -9999 -9999 -9999 -9999 -9999 -9999 -9999 -9999 -9999 -9999 -9999 -9999 0.03368127 0.03332129 0.03198230 0.03145053 0.03501523 0.03014575 0.02884621 0.02807713 0.02582128 0.02537879 0.02967872 0.02980881 0.03274051 0.03815422 0.03504887 0.03347444 0.03141571 0.03464421 0.03324401 0.03139500 0.03207463 0.02778786 0.02906909 0.02711022 0.04982638 0.05627672 0.05310937 0.05754860 0.04914488 0.04996633 0.05555218 0.05497977 0.05484224 0.05538432 0.05338649 0.05193164 -9999 -9999 -9999 -9999 -9999 -9999 -9999 -9999 -9999 -9999 -9999 -9999 -9999 -9999
-9999 -9999 -9999 -9999 -9999 -9999 -9999 -9999 -9999 -9999 -9999 -9999 -9999 -9999 -9999 -9999 0.03514262 0.03482980 0.03647645 0.03057898 0.02879351 0.03432663 0.03391758 0.03051433 0.02715846 0.02750903 0.03288969 0.03270197 0.03112223 0.03110690 0.03649715 0.03841115 0.03502842 0.03134088 0.03173824 0.03590840 0.03538875 0.03463693 0.02758692 0.02902082 0.02641069 0.04774930 0.05068966 0.05091082 0.04905384 0.04892390 0.05178502 0.05950225 0.05999270 0.05707862 0.05110845 0.05147540 -9999 -9999 -9999 -9999 -9999 -9999 -9999 -9999 -9999 -9999 -9999 -9999 -9999 -9999 -9999
-9999 -9999 -9999 -9999 -9999 -9999 -9999 -9999 -9999 -9999 -9999 -9999 -9999 -9999 -9999 -9999 0.03271758 0.03749523 0.03434182 0.03129020 0.03020801 0.03038527 0.02874155 0.02931202 0.02632063 0.02622883 0.03160176 0.03446591 0.03182600 0.03460743 0.04025852 0.03342467 0.03688383 0.03169258 0.03504209 0.03489820 0.03286059 0.02976218 0.02870133 0.03402999 0.02933827 0.04793709 0.05293990 0.05092461 0.05003753 0.05700148 0.06672347 0.06537188 0.05538893 0.06069509 -9999 -9999 -9999 -9999 -9999 -9999 -9999 -9999 -9999 -9999 -9999 -9999 -9999 -9999 -9999 -9999 -9999
-9999 -9999 -9999 -9999 -9999 -9999 -9999 -9999 -9999 -9999 -9999 -9999 -9999 -9999 -9999 -9999 0.03474364 0.03632357 0.03362688 0.03452501 0.03282528 0.03115796 0.03181537 0.02745145 0.03113548 0.03186387 0.02838274 0.03182138 0.03071351 0.04336482 0.03545803 0.03687794 0.04094359 0.03661978 0.03883665 0.03499725 0.03467954 0.03436902 0.03031557 0.03001832 0.03190719 0.03496160 0.05582718 0.05180287 0.04807181 0.06938603 0.07161083 0.06894042 0.05835355 -9999 -9999 -9999 -9999 -9999 -9999 -9999 -9999 -9999 -9999 -9999 -9999 -9999 -9999 -9999 -9999 -9999 -9999
-9999 -9999 -9999 -9999 -9999 -9999 -9999 -9999 -9999 -9999 -9999 -9999 -9999 -9999 -9999 0.03233565 0.03558778 0.03519868 0.03297871 0.03344393 0.03399315 0.03403385 0.03472229 0.03026313 0.03383105 0.03187589 0.03442950 0.02950645 0.03434250 0.03470528 0.03333394 0.03174605 0.03557649 0.04157919 0.03844119 0.03883152 0.04042448 0.04157774 0.03104093 0.03131318 0.03271511 0.05923745 0.05267070 0.05262494 0.06064097 0.07228025 0.07032788 0.06685007 -9999 -9999 -9999 -9999 -9999 -9999 -9999 -9999 -9999 -9999 -9999 -9999 -9999 -9999 -9999 -9999 -9999 -9999 -9999
-9999 -9999 -9999 -9999 -9999 -9999 -9999 -9999 -9999 -9999 -9999 -9999 -9999 -9999 -9999 0.04144933 0.03922056 0.03969913 0.04470356 0.04038148 0.03395112 0.03227917 0.03349870 0.03236039 0.03469577 0.03145378 0.03169987 0.03490488 0.03414833 0.03354089 0.03281361 0.03529059 0.04007026 0.03930531 0.04241452 0.03915981 0.04375683 0.04260573 0.03312803 0.03338384 0.03364842 0.05002701 0.05343702 0.05047135 0.06640537 0.06939260 0.07161283 0.05607486 -9999 -9999 -9999 -9999 -9999 -9999 -9999 -9999 -9999 -9999 -9999 -9999 -9999 -9999 -9999 -9999 -9999 -9999 -9999
-9999 -9999 -9999 -9999 -9999 -9999 -9999 -9999 -9999 -9999 -9999 -9999 -9999 -9999 0.04198015 0.03844740 0.04322926 0.03580403 0.03630457 0.03394492 0.03724087 0.03192572 0.03226951 0.03494775 0.03892762 0.03881077 0.03285715 0.03450394 0.03511697 0.03238593 0.03645759 0.04378358 0.04721373 0.04533424 0.04163156 0.03964905 0.04280290 0.03885731 0.03364050 0.03130080 0.05232528 0.05534364 0.05876917 0.05721972 0.05945989 0.07209178 0.07745332 -9999 -9999 -9999 -9999 -9999 -9999 -9999 -9999 -9999 -9999 -9999 -9999 -9999 -9999 -9999 -9999 -9999 -9999 -9999 -9999
-9999 -9999 -9999 -9999 -9999 -9999 -9999 -9999 -9999 -9999 -9999 -9999 0.14979619 0.05467362 0.03901672 0.03643117 0.03874660 0.03533419 0.03322537 0.03317647 0.03557278 0.03422322 0.03502705 0.03465077 0.04211963 0.04179332 0.03492561 0.04017741 0.04998451 0.04909151 0.04643307 0.04451968 0.04530223 0.04429401 0.03806445 0.03562899 0.04312718 0.04366264 0.03240150 0.03307953 0.03495627 0.06097812 0.05505889 0.06244749 0.05922702 0.07260722 0.07249593 0.06027735 -9999 -9999 -9999 -9999 -9999 -9999 -9999 -9999 -9999 -9999 -9999 -9999 -9999 -9999 -9999 -9999 -9999 -9999 -9999
-9999 -9999 -9999 -9999 -9999 -9999 -9999 -9999 -9999 -9999 -9999 -9999 0.04731226 0.04616158 0.04415080 0.04256578 0.03863918 0.03582054 0.03480876 0.03744997 0.04023530 0.03523551 0.03317795 0.04499513 0.04493862 0.04613724 0.03965340 0.04453684 0.05382997 0.05225806 0.05215513 0.04852499 0.04147285 0.03986939 0.04480622 0.04614773 0.04892338 0.03995954 0.03482386 0.03360933 0.03356023 0.06366947 0.06145564 0.06476937 0.06617479 0.06339745 0.07399119 0.06425890 -9999 -9999 -9999 -9999 -9999 -9999 -9999 -9999 -9999 -9999 -9999 -9999 -9999 -9999 -9999 -9999 -9999 -9999 -9999
-9999 -9999 -9999 -9999 -9999 -9999 -9999 -9999 -9999 -9999 -9999 0.04635928 0.04668040 0.05038382 0.04166666 0.04849653 0.04531785 0.04006806 0.04345898 0.04675724 0.04227825 0.03999014 0.04023679 0.04330807 0.04676971 0.04672245 0.04820983 0.04027043 0.04287626 0.04928234 0.05075471 0.05047310 0.03444308 0.03832380 0.05064804 0.05464579 0.04683803 0.03988769 0.03441648 0.03528021 0.03141024 0.06470298 0.06118371 -9999 -9999 -9999 -9999 -9999 -9999 -9999 -9999 -9999 -9999 -9999 -9999 -9999 -9999 -9999 -9999 -9999 -9999 -9999 -9999 -9999 -9999 -9999 -9999
-9999 -9999 -9999 -9999 -9999 -9999 -9999 -9999 -9999 -9999 0.04717354 0.04322522 0.04517447 0.04607662 0.04522830 0.04508290 0.05035468 0.04153462 0.04652802 0.04616890 0.04213667 0.04524486 0.04879293 0.04610445 0.04534250 0.04573749 0.03794849 0.05225688 0.04961070 0.05022431 0.04806579 0.04597185 0.05105762 0.05089913 0.05134126 0.05357597 0.04461813 0.04008677 0.03779056 0.03315581 0.03555725 0.04637369 0.06267183 -9999 -9999 -9999 -9999 -9999 -9999 -9999 -9999 -9999 -9999 -9999 -9999 -9999 -9999 -9999 -9999 -9999 -9999 -9999 -9999 -9999 -9999 -9999 -9999
-9999 -9999 -9999 -9999 -9999 -9999 -9999 -9999 0.03898438 0.04318149 0.04191536 0.04926746 0.05428392 0.04856577 0.04355541 0.04228409 0.04743651 0.04357223 0.04270714 0.04413143 0.04079126 0.05007466 0.04625105 0.04694011 0.04783971 0.04038652 0.04306055 0.05233480 0.05167247 0.05175084 0.04640212 0.04505372 0.05136927 0.05067810 0.04955173 0.05004503 0.04035786 0.03737729 0.03823884 0.03255739 0.03193104 0.03493575 -9999 -9999 -9999 -9999 -9999 -9999 -9999 -9999 -9999 -9999 -9999 -9999 -9999 -9999 -9999 -9999 -9999 -9999 -9999 -9999 -9999 -9999 -9999 -9999 -9999
-9999 -9999 -9999 -9999 -9999 -9999 0.03696269 0.03588805 0.04681184 0.04534582 0.04592925 0.04871825 0.04400940 0.05216398 0.04266601 0.04265975 0.04097377 0.04843996 0.04636790 0.03923402 0.04772938 0.04956766 0.04597334 0.04899374 0.04436486 0.03667767 0.04836405 0.05004445 0.05540477 0.04672840 0.04341097 0.04788764 0.05220502 0.04245216 0.04430950 0.05006493 0.03549723 0.03923117 0.03814029 0.03366492 0.03166835 0.03226482 -9999 -9999 -9999 -9999 -9999 -9999 -9999 -9999 -9999 -9999 -9999 -9999 -9999 -9999 -9999 -9999 -9999 -9999 -9999 -9999 -9999 -9999 -9999 -9999 -9999
-9999 -9999 -9999 0.04204656 0.04103384 0.04274672 0.03912797 0.03739355 0.04501672 0.04692065 0.04627749 0.04687701 0.04422649 0.04670006 0.04817257 0.04369012 0.04438033 0.04454557 0.05038158 0.04476574 0.05703226 0.04906159 0.05053104 0.04829079 0.04084114 0.03330184 0.05596442 0.04450338 0.03848236 0.04110930 0.04416152 0.05106128 0.05422696 0.04108574 0.04453154 0.04596488 0.04128065 0.03902904 0.04206973 0.04388416 0.03306272 0.03145663 0.03846274 -9999 -9999 -9999 -9999 -9999 -9999 -9999 -9999 -9999 -9999 -9999 -9999 -9999 -9999 -9999 -9999 -9999 -9999 -9999 -9999 -9999 -9999 -9999 -9999
-9999 -9999 -9999 0.04451004 0.03758213 0.03767117 0.04446109 0.03911122 0.04934284 0.05195229 0.04537606 0.04794299 0.04919881 0.04850568 0.04934790 0.04992866 0.04072506 0.04919219 0.04104377 0.04063799 0.05459527 0.04401609 0.04155161 0.04419561 0.04152211 0.03527430 0.05033785 0.04338692 0.03892599 0.04346429 0.04592245 0.04714256 0.04793589 0.04324634 0.04117693 0.04653384 0.04154418 0.04137792 0.04338752 0.03983410 0.03569770 0.03556335 0.04013396 -9999 -9999 -9999 -9999 -9999 -9999 -9999 -9999 -9999 -9999 -9999 -9999 -9999 -9999 -9999 -9999 -9999 -9999 -9999 -9999 -9999 -9999 -9999 -9999
-9999 -9999 -9999 0.04582044 0.04212973 0.04150234 0.04148294 0.04260185 0.05005311 0.04967634 0.04771929 0.04904898 0.05357598 0.03863807 0.04984121 0.05476372 0.04878071 0.04529222 0.05298153 0.03874781 0.04599917 0.04852997 0.04168851 0.04482869 0.03945253 0.03916718 0.04386022 0.04884800 0.05024395 0.04920793 0.04884422 0.05614215 0.05220366 0.04588289 0.04339793 0.04762461 0.04237345 0.04046155 0.04217688 0.04324255 0.04059753 0.03832368 0.03909130 0.04541868 -9999 -9999 -9999 -9999 -9999 -9999 -9999 -9999 -9999 -9999 -9999 -9999 -9999 -9999 -9999 -9999 -9999 -9999 -9999 -9999 -9999 -9999 -9999
-9999 -9999 0.04259800 0.04452516 0.04637559 0.04269379 0.04332634 0.04726405 0.05511234 0.05469540 0.05106027 0.04820062 0.04849621 0.05313807 0.05597435 0.05503470 0.04795842 0.05244644 0.05151919 0.05120525 0.04126894 0.05179443 0.04455523 0.04517090 0.03578088 0.03687324 0.04026797 0.04645281 0.04373893 0.05779340 0.05426807 0.04226862 0.04138197 0.05337710 0.04512162 0.04432379 0.03746260 0.03714860 0.04230742 0.04134452 0.03681230 0.04183420 0.03650871 0.03471040 -9999 -9999 -9999 -9999 -9999 -9999 -9999 -9999 -9999 -9999 -9999 -9999 -9999 -9999 -9999 -9999 -9999 -9999 -9999 -9999 -9999 -9999 -9999
-9999 -9999 0.04463714 0.04479755 0.04500473 0.04266799 0.04861381 0.05081632 0.05700440 0.05505649 0.06092848 0.04982382 0.04222663 0.05177236 0.06270358 0.05347617 0.04858691 0.04367921 0.05337736 0.04839863 0.04084573 0.04449538 0.04797939 0.04376454 0.04660665 0.03782777 0.04136918 0.03731666 0.04351133 0.04603665 0.03864980 0.03658521 0.03685742 0.04176796 0.04813944 0.05491917 0.04005307 0.03709732 0.04702474 0.03743277 0.03603329 0.04204412 0.04202189 0.03585127 -9999 -9999 -9999 -9999 -9999 -9999 -9999 -9999 -9999 -9999 -9999 -9999 -9999 -9999 -9999 -9999 -9999 -9999 -9999 -9999 -9999 -9999 -9999
-9999 -9999 0.04234809 0.05096790 0.04925643 0.04316144 0.05345644 0.05549931 0.05079196 0.05500007 0.06406183 0.04663536 0.04780916 0.04608110 0.06393885 0.05424625 0.05908672 0.05020820 0.05427721 0.05679108 0.03752453 0.04410659 0.05414822 0.05140548 0.04719774 0.04214058 0.04167638 0.03890333 0.04390412 0.04201346 0.04025700 0.04727155 0.04072919 0.04222960 0.04357429 0.04163677 0.03800529 0.04663776 0.04970376 0.03576101 0.03999164 0.03902648 0.04075833 -9999 -9999 -9999 -9999 -9999 -9999 -9999 -9999 -9999 -9999 -9999 -9999 -9999 -9999 -9999 -9999 -9999 -9999 -9999 -9999 -9999 -9999 -9999 -9999
-9999 -9999 0.04938727 0.05084523 0.05711953 0.04992654 0.05074241 0.05494378 0.05604928 0.05295928 0.05757535 0.04432819 0.04635810 0.05065256 0.04941173 0.05391902 0.05804580 0.05396572 0.05159481 0.04455371 0.04278075 0.04427574 0.05099674 0.05988712 0.06653519 0.04517327 0.04474485 0.04320740 0.03964069 0.04089680 0.04543354 0.04592324 0.04039654 0.03723080 0.03925598 0.04478620 0.04663490 0.04703538 0.04632883 0.03480422 0.04237568 0.04673963 -9999 -9999 -9999 -9999 -9999 -9999 -9999 -9999 -9999 -9999 -9999 -9999 -9999 -9999 -9999 -9999 -9999 -9999 -9999 -9999 -9999 -9999 -9999 -9999 -9999
-9999 -9999 0.04371743 0.04846742 0.05537197 0.05299129 0.05071324 0.05662202 0.07071067 0.04989354 0.04963239 0.04514701 0.04893025 0.05663105 0.05597865 0.04765796 0.04508843 0.04573181 0.04482987 0.04748717 0.04373339 0.04753641 0.05436556 0.06278612 0.06283723 0.04708598 0.05068401 0.04781849 0.04576358 0.04052494 0.03976142 0.04156954 0.04204969 0.04369317 0.04285727 0.04255964 0.05001840 0.04678574 0.04425583 0.03773341 0.04605586 0.03785795 -9999 -9999 -9999 -9999 -9999 -9999 -9999 -9999 -9999 -9999 -9999 -9999 -9999 -9999 -9999 -9999 -9999 -9999 -9999 -9999 -9999 -9999 -9999 -9999 -9999
-9999 -9999 0.03538137 0.04521392 0.04125992 0.04780522 0.05824221 0.06941193 0.06131288 0.05611423 0.04935765 0.05006238 0.05754385 0.04630380 0.05594796 0.06592183 0.05927330 0.06445648 0.06305024 0.05273629 0.05372759 0.04480492 0.03865866 0.04627297 0.06085434 0.04348922 0.04876465 0.05547412 0.04785452 0.04113728 0.03482267 0.03775708 0.04964789 0.04743468 0.04635686 0.04802394 0.04672162 0.04687932 0.03781407 0.04432001 0.04208065 0.04747824 -9999 -9999 -9999 -9999 -9999 -9999 -9999 -9999 -9999 -9999 -9999 -9999 -9999 -9999 -9999 -9999 -9999 -9999 -9999 -9999 -9999 -9999 -9999 -9999 -9999
-9999 -9999 0.03368033 0.03878667 0.04466437 0.05732046 0.06580356 0.06476761 0.05905695 0.05545348 0.04989740 0.05795196 0.05771351 0.05149147 0.06582311 0.07136784 0.05432802 0.05755186 0.07707569 0.06735137 0.05320571 0.05926196 0.05746536 0.06348472 0.06002896 0.05153586 0.05246521 0.05174653 0.04598381 0.04003535 0.04296838 0.03568319 0.04027420 0.04088038 0.04901918 0.05109837 0.04036380 0.03742856 0.04166368 0.04437185 0.05203890 -9999 -9999 -9999 -9999 -9999 -9999 -9999 -9999 -9999 -9999 -9999 -9999 -9999 -9999 -9999 -9999 -9999 -9999 -9999 -9999 -9999 -9999 -9999 -9999 -9999 -9999
-9999 0.06230938 0.05721530 0.04691464 0.05199066 0.06400503 0.06530625 0.06860597 0.06785918 0.07319245 0.06304155 0.05996759 0.05932158 0.05949303 0.05779275 0.06750405 0.06825148 0.07883954 0.07424208 0.07374958 0.06325478 0.06959475 0.06358245 0.06529021 0.06358717 0.05569014 0.06288341 0.06427169 0.05487758 0.03883563 0.04406163 0.04305374 0.04515223 0.03663445 0.03789338 0.04545883 0.04765600 0.04242065 0.05267835 0.05219392 -9999 -9999 -9999 -9999 -9999 -9999 -9999 -9999 -9999 -9999 -9999 -9999 -9999 -9999 -9999 -9999 -9999 -9999 -9999 -9999 -9999 -9999 -9999 -9999 -9999 -9999 -9999
-9999 -9999 -9999 0.07406198 0.05445065 0.04936442 0.05854394 0.06986207 0.06585049 0.07435677 0.06644098 0.06326481 0.06476892 0.06766305 0.06692875 0.07409115 0.06908074 0.07112425 0.07219441 0.07350936 0.06837777 0.06265528 0.05878217 0.05725814 0.06416722 0.06764095 0.07347843 0.07118325 0.06958016 0.03824081 0.04918862 0.05165102 0.05853760 0.06314651 0.05312634 0.04934034 0.04119035 0.04613518 -9999 -9999 -9999 -9999 -9999 -9999 -9999 -9999 -9999 -9999 -9999 -9999 -9999 -9999 -9999 -9999 -9999 -9999 -9999 -9999 -9999 -9999 -9999 -9999 -9999 -9999 -9999 -9999 -9999
-9999 -9999 -9999 -9999 -9999 0.05171151 0.05934649 0.07469490 0.06706736 0.07130348 0.06159870 0.06146491 0.06318923 0.06633573 0.06350853 0.07862536 0.07218308 0.07083922 0.07245464 0.06824050 0.06252850 0.07220871 0.06977400 0.05683757 0.07160786 0.06739311 0.06626185 0.06098123 0.07074827 0.03951730 0.04785399 0.05832041 0.05052398 0.05046422 0.05610139 0.06174648 0.04960582 0.05010517 0.05076282 -9999 -9999 -9999 -9999 -9999 -9999 -9999 -9999 -9999 -9999 -9999 -9999 -9999 -9999 -9999 -9999 -9999 -9999 -9999 -9999 -9999 -9999 -9999 -9999 -9999 -9999 -9999 -9999
